RFC: (0.7910447761194029, 0.7422680412371134, 0.6990291262135923)
GBC: (0.8208955223880597, 0.8313253012048193, 0.6699029126213593)

The Gradient boosting classifier does better than the random forest classifier.